# Created by Octave 3.2.4, Mon Apr 27 10:01:30 2015 ART <ceci@TOSHIBA>
# name: e
# type: matrix
# rows: 10
# columns: 7
 1 673 1.002348821176593 0.9820796926900641 1.015967860539801 1.034859989555288 0.962904988189023
 1.1 707 1.001881010710134 0.9865507540616648 1.007182979028523 1.037765583049291 0.9650712724311898
 1.2 728 1.001495112393964 0.9904303093675586 0.9985387036310182 1.042900631713672 0.9652862029828811
 1.3 747 1.001167843083639 0.9939671504559765 0.9894320272290396 1.050704111015144 0.9635003309747712
 1.4 774 1.000880781574713 0.9973999436236402 0.9791048828357222 1.062045740307221 0.9593853059242212
 1.5 821 1.000609218512828 1.001087740349245 0.9662687144194437 1.078610657652036 0.9522081327259766
 1.600000000000001 902 1.000328440795641 1.005516498002606 0.9487900383710536 1.103645708855626 0.9403748439521534
 1.700000000000001 1043 0.9999684909227545 1.011907940066137 0.9216302150876259 1.144522758512932 0.9203638132309564
 1.800000000000001 1288 0.9993899220698286 1.022989768534516 0.8727941588140583 1.219546376248114 0.8831644285149183
 1.900000000000001 1728 0.9981609614732433 1.047190749569934 0.7652359490422108 1.385239415067881 0.8009540116369929
# name: e_refinada
# type: matrix
# rows: 20
# columns: 7
 0.9 612 1.002929052100313 0.9767243439562341 1.025455300952998 1.034039085442155 0.9586113822233293
 0.91 620 1.002863576261938 0.977321005163342 1.024440224603291 1.034023374389464 0.9591579315330854
 0.92 627 1.002803783644251 0.9778690262666967 1.023495232031703 1.034038601010938 0.9596422542951212
 0.93 634 1.00274228806541 0.9784326475072017 1.022518966493349 1.034067908134343 0.9601305816481012
 0.9400000000000001 641 1.00267924028566 0.9790106065012302 1.021513060486252 1.03411258643167 0.9606209832519875
 0.9500000000000001 647 1.002622203649302 0.9795370705199195 1.020582183416306 1.03418758611335 0.9610471901026181
 0.9600000000000001 653 1.002563843717504 0.9800759153601963 1.019624693518687 1.034278545633302 0.9614734405617059
 0.9700000000000001 658 1.002511659514031 0.9805617992637132 1.018745144026409 1.034398458393036 0.9618351995626723
 0.9800000000000001 664 1.002451007156408 0.9811224345625142 1.017738486103928 1.034523723247083 0.9622574541404162
 0.9900000000000001 669 1.002396718172465 0.9816285025171306 1.01681233472588 1.034678180018689 0.9626137228695402
 1 673 1.002348821176593 0.9820796926900641 1.015967860539801 1.034859989555288 0.962904988189023
 1.01 678 1.002292823393942 0.9826026151305379 1.014999862392757 1.035051040937538 0.9632516278632226
 1.02 682 1.002243371642136 0.9830693364038506 1.014115742215007 1.035269386696059 0.9635322101215376
 1.03 686 1.002193278411569 0.9835426902731469 1.013213361370155 1.03550683893034 0.9638059538376025
 1.04 689 1.002149811348662 0.9839590758117308 1.012396897970669 1.035769432070177 0.9640144526424431
 1.05 693 1.002098678281857 0.9844436764481306 1.011460768546016 1.036046595203731 0.964271859625086
 1.06 696 1.00205429015783 0.9848702802746896 1.010612382761768 1.036348519406904 0.9644634324909989
 1.07 699 1.002009552354617 0.9853010742533713 1.009749310806879 1.036670747415026 0.9646453644345202
 1.08 702 1.001964542351203 0.9857354299615159 1.008872317447068 1.037014001858459 0.9648166623146194
 1.09 705 1.001919336521528 0.986172729239398 1.007982155556549 1.03737898716636 0.9649763554423236
