# Created by Octave 3.8.1, Fri Apr 24 07:42:53 2015 ART <pedro@pedro-xfce>
# name: tabla_c1
# type: matrix
# rows: 10
# columns: 2
 1 191411
 1.1 160170
 1.2 133500
 1.3 110337
 1.4 89897
 1.5 71563
 1.600000000000001 54791
 1.700000000000001 38943
 1.800000000000001 22166
 1.900000000000001 22060


# name: tabla_c1_refinada
# type: matrix
# rows: 20
# columns: 2
 1.800000000000001 22166
 1.810000000000001 20009
 1.820000000000001 17288
 1.830000000000001 12257
 1.840000000000001 15435
 1.850000000000001 13800
 1.860000000000001 17070
 1.870000000000001 16237
 1.880000000000001 19391
 1.890000000000001 18840
 1.900000000000001 22060
 1.910000000000001 21563
 1.920000000000001 24870
 1.930000000000001 28147
 1.940000000000001 35049
 1.950000000000001 41952
 1.960000000000001 48915
 1.970000000000001 66665
 1.980000000000001 98863
 1.990000000000001 195967


# name: tabla_c2
# type: matrix
# rows: 10
# columns: 2
 1 82618
 1.1 71263
 1.2 61189
 1.3 52102
 1.4 43773
 1.5 36007
 1.600000000000001 28608
 1.700000000000001 21302
 1.800000000000001 13222
 1.900000000000001 13161


# name: tabla_c2_refinada
# type: matrix
# rows: 20
# columns: 2
 1.800000000000001 13222
 1.810000000000001 12200
 1.820000000000001 11032
 1.830000000000001 9639
 1.840000000000001 8204
 1.850000000000001 7207
 1.860000000000001 10749
 1.870000000000001 10454
 1.880000000000001 10106
 1.890000000000001 9761
 1.900000000000001 13161
 1.910000000000001 13013
 1.920000000000001 12805
 1.930000000000001 16262
 1.940000000000001 16112
 1.950000000000001 19596
 1.960000000000001 26661
 1.970000000000001 33770
 1.980000000000001 48100
 1.990000000000001 94872


