# Created by Octave 3.8.1, Thu Apr 23 23:23:17 2015 ART <pedro@pedro-xfce>
# name: tabla
# type: matrix
# rows: 10
# columns: 2
 1 72
 1.1 67
 1.2 62
 1.3 57
 1.4 51
 1.5 45
 1.600000000000001 37
 1.700000000000001 30
 1.800000000000001 44
 1.900000000000001 62


