# Created by Octave 3.8.1, Fri Apr 24 07:27:16 2015 ART <pedro@pedro-xfce>
# name: tabla_b
# type: matrix
# rows: 10
# columns: 2
 1 137015
 1.1 115716
 1.2 97344
 1.3 81220
 1.4 66835
 1.5 53785
 1.600000000000001 41700
 1.700000000000001 30123
 1.800000000000001 17694
 1.900000000000001 17609


# name: tabla_b_refinada
# type: matrix
# rows: 20
# columns: 2
 1.800000000000001 17694
 1.810000000000001 16105
 1.820000000000001 14179
 1.830000000000001 11341
 1.840000000000001 13286
 1.850000000000001 12847
 1.860000000000001 11995
 1.870000000000001 11179
 1.880000000000001 14758
 1.890000000000001 14301
 1.900000000000001 17609
 1.910000000000001 17315
 1.920000000000001 20663
 1.930000000000001 23987
 1.940000000000001 27365
 1.950000000000001 30783
 1.960000000000001 37794
 1.970000000000001 48431
 1.980000000000001 73481
 1.990000000000001 145420


