# Created by Octave 3.8.1, Mon Apr 27 02:49:13 2015 ART <roberto@roberto-Inspiron-1440>
# name: d
# type: matrix
# rows: 10
# columns: 8
 1 2510511 1.000000190247252 0.9999946811488816 1.000035477280135 0.9999086765403584 1.000099999913946 0.9999608458042446
 1.1 2160752 1.000000191637976 0.999994657611831 1.000035565312704 0.9999085786382363 1.000099999885817 0.9999608788930842
 1.2 1848027 1.000000193384539 0.9999946280576562 1.000035675841477 0.9999084557133021 1.000099999878693 0.9999609204149353
 1.3 1565193 1.000000195645127 0.999994589815932 1.000035818831765 0.999908296726099 1.000099999824561 0.999960974142154
 1.4 1306386 1.000000198690374 0.9999945383163834 1.00003601136222 0.9999080826648666 1.000099999792594 0.9999610464391571
 1.5 1066531 1.000000203026096 0.9999944650249962 1.000036285294546 0.9999077781247794 1.000099999808795 0.9999611492258103
 1.600000000000001 840743 1.000000209731318 0.9999943517630084 1.000036708391282 0.9999073080653972 1.000099999490714 0.9999613080590271
 1.700000000000001 623059 1.000000221673636 0.9999941502431656 1.000037460816334 0.9999064720037513 1.000099999919535 0.9999615896948646
 1.800000000000001 400675 1.000000251027084 0.9999936561617098 1.000039302507392 0.9999044288239908 1.00009999879931 0.9999622785572277
 1.900000000000001 205117 0.9999988860633401 1.000019270878902 0.9999237375864272 1.000099982864443 0.9999700632622575 0.9999873452673208


# name: d_refinada
# type: matrix
# rows: 20
# columns: 8
 1.800000000000001 400675 1.000000251027084 0.9999936561617098 1.000039302507392 0.9999044288239908 1.00009999879931 0.9999622785572277
 1.810000000000001 376680 1.000000256891737 0.9999935576256924 1.000039669485164 0.9999040215839992 1.000099999464068 0.999962415085622
 1.820000000000001 351851 1.000000264101023 0.9999934366061152 1.000040119842921 0.9999035224782582 1.000099999304972 0.9999625830245795
 1.830000000000001 325808 1.000000273351034 0.999993281483826 1.000040696680139 0.9999028838035876 1.000099998420596 0.9999627982927941
 1.840000000000001 297846 1.000000286111776 0.9999930677140472 1.000041491206886 0.9999020039317307 1.000099998391795 0.9999630938302948
 1.850000000000001 266376 1.000000306661753 0.9999927240435065 1.000042767222246 0.9999005917330108 1.000099998671754 0.9999635674799665
 1.860000000000001 227427 1.000000351216228 0.9999920486314555 1.000044776404545 0.9999000014440915 1.000096871716872 0.999965945822001
 1.870000000000001 176718 1.000000730127959 0.9999864527376182 1.000060295015094 0.9999000043598828 1.000064013057133 0.9999888489981789
 1.880000000000001 229927 0.9999996247631244 1.000008313046203 0.9999542082751691 1.000099999758247 0.9999053062444694 1.000032528548577
 1.890000000000001 220073 0.9999994374464974 1.000011089517833 0.9999464915833104 1.000099994675852 0.9999216979482317 1.000021093923397
 1.900000000000001 205117 0.9999988860633401 1.000019270878902 0.9999237375864272 1.000099982864443 0.9999700632622575 0.9999873452673208
 1.910000000000001 269820 1.000000520065123 0.9999895255968645 1.000051823798355 0.9999000067125451 1.000081810177891 0.9999764730344751
 1.920000000000001 261891 1.000000971935008 0.9999828009200867 1.000070560335494 0.9999000196457311 1.000041889434477 1.00000434841256
 1.930000000000001 325886 0.9999993556554453 1.00001233877757 0.999942954261275 1.000099998986357 0.9999293626295446 1.000015707455514
 1.940000000000001 319427 0.9999985560420102 1.00002427053141 0.9999096523472949 1.000099986779379 1.000000436430796 0.9999660432186774
 1.950000000000001 384822 1.00000139780506 0.9999763918780048 1.000088544623596 0.9999000100434001 1.000003300905908 1.000031372451994
 1.960000000000001 450564 0.9999981603704513 1.000029595261253 0.9999000163058437 1.000076382000365 1.000066677566465 0.9999276328770983
 1.970000000000001 656247 1.000001218039413 0.9999790327145729 1.000081245843048 0.9999000069679589 1.000018695308975 1.000020657334846
 1.980000000000001 932738 1.000001567014325 0.9999737782630972 1.000095993228196 0.9999000080488 0.9999870220313964 1.000042838438432
 1.990000000000001 1770922 1.000001917221557 0.9999694704284195 1.000099984048705 0.9999360273054843 0.9999089472167174 1.000085340016915


