# Created by Octave 3.8.1, Fri Apr 24 23:17:48 2015 ART <pedro@pedro-xfce>
# name: tabla_e
# type: matrix
# rows: 10
# columns: 2
 1 673
 1.1 707
 1.2 728
 1.3 747
 1.4 774
 1.5 821
 1.600000000000001 902
 1.700000000000001 1043
 1.800000000000001 1288
 1.900000000000001 1728


# name: tabla_e_refinada
# type: matrix
# rows: 20
# columns: 2
 0.9 162193
 0.91 159465
 0.92 156788
 0.93 154160
 0.9400000000000001 151579
 0.9500000000000001 149045
 0.9600000000000001 146554
 0.9700000000000001 144108
 0.9800000000000001 141703
 0.9900000000000001 139339
 1 137015
 1.01 134729
 1.02 132480
 1.03 130268
 1.04 128091
 1.05 125948
 1.06 123839
 1.07 121762
 1.08 119716
 1.09 117701


